GROUP 1
 4.6  3.4  1.4  0.3 

GROUP 2
 4.3  3  1.1  0.1 

GROUP 3
 5.8  4  1.2  0.2 

GROUP 4
 5.7  4.4  1.5  0.4 

GROUP 5
 5.7  3.8  1.7  0.3 

GROUP 6
 4.6  3.6  1  0.2 

GROUP 7
 5.2  4.1  1.5  0.1 

GROUP 8
 5.5  4.2  1.4  0.2 

GROUP 9
 4.9  3.1  1.5  0.1 

GROUP 10
 4.5  2.3  1.3  0.3 

GROUP 11
 5.1  3.8  1.9  0.4 

GROUP 12
 7  3.2  4.7  1.4 

GROUP 13
 6.4  3.2  4.5  1.5 

GROUP 14
 5.7  2.8  4.5  1.3 

GROUP 15
 6.3  3.3  4.7  1.6 

GROUP 16
 5.2  2.7  3.9  1.4 

GROUP 17
 5  2  3.5  1 

GROUP 18
 6  2.2  4  1 

GROUP 19
 5.6  2.9  3.6  1.3 

GROUP 20
 5.9  3.2  4.8  1.8 

GROUP 21
 6.1  2.8  4  1.3 

GROUP 22
 6.8  2.8  4.8  1.4 

GROUP 23
 6.7  3  5  1.7 

GROUP 24
 5.7  2.6  3.5  1 

GROUP 25
 6  2.7  5.1  1.6 

GROUP 26
 6  3.4  4.5  1.6 

GROUP 27
 5.5  2.6  4.4  1.2 

GROUP 28
 5.6  2.7  4.2  1.3 

GROUP 29
 5.1  2.5  3  1.1 

GROUP 30
 6.3  3.3  6  2.5 

GROUP 31
 7.1  3  5.9  2.1 

GROUP 32
 6.5  3  5.8  2.2 

GROUP 33
 7.6  3  6.6  2.1 

GROUP 34
 4.9  2.5  4.5  1.7 

GROUP 35
 7.3  2.9  6.3  1.8 

GROUP 36
 6.7  2.5  5.8  1.8 

GROUP 37
 7.2  3.6  6.1  2.5 

GROUP 38
 6.4  2.7  5.3  1.9 

GROUP 39
 5.8  2.8  5.1  2.4 

GROUP 40
 6.4  3.2  5.3  2.3 

GROUP 41
 7.7  3.8  6.7  2.2 

GROUP 42
 7.7  2.6  6.9  2.3 

GROUP 43
 6  2.2  5  1.5 

GROUP 44
 5.6  2.8  4.9  2 

GROUP 45
 7.7  2.8  6.7  2 

GROUP 46
 7.2  3.2  6  1.8 

GROUP 47
 7.2  3  5.8  1.6 

GROUP 48
 7.4  2.8  6.1  1.9 

GROUP 49
 7.9  3.8  6.4  2 

GROUP 50
 6.1  2.6  5.6  1.4 

GROUP 51
 7.7  3  6.1  2.3 

GROUP 52
 6.7  3.1  5.6  2.4 

GROUP 53
 5.8  2.7  5.1  1.9 

GROUP 54
 6.4  2.8  5.6  2.1 
 6.4  2.8  5.6  2.2 

GROUP 55
 5.6  3  4.5  1.5 
 5.4  3  4.5  1.5 

GROUP 56
 4.9  2.4  3.3  1 
 5  2.3  3.3  1 

GROUP 57
 4.4  2.9  1.4  0.2 
 4.4  3  1.3  0.2 

GROUP 58
 5.1  3.8  1.6  0.2 
 5.1  3.8  1.5  0.3 
 5.1  3.7  1.5  0.4 

GROUP 59
 5.2  3.5  1.5  0.2 
 5.2  3.4  1.4  0.2 

GROUP 60
 5.5  2.3  4  1.3 
 5.5  2.5  4  1.3 

GROUP 61
 6.4  2.9  4.3  1.3 
 6.2  2.9  4.3  1.3 

GROUP 62
 5  3.2  1.2  0.2 
 5  3.3  1.4  0.2 
 5  3.4  1.5  0.2 
 5.1  3.4  1.5  0.2 

GROUP 63
 4.7  3.2  1.3  0.2 
 4.4  3.2  1.3  0.2 

GROUP 64
 4.8  3.4  1.9  0.2 
 4.8  3.4  1.6  0.2 
 4.7  3.2  1.6  0.2 
 4.8  3.1  1.6  0.2 

GROUP 65
 5.6  2.5  3.9  1.1 
 5.5  2.4  3.8  1.1 
 5.5  2.4  3.7  1 

GROUP 66
 5  3.5  1.3  0.3 
 5  3.6  1.4  0.2 
 5.1  3.5  1.4  0.2 
 5.1  3.5  1.4  0.3 

GROUP 67
 6.1  2.8  4.7  1.2 
 6.1  2.9  4.7  1.4 
 6.1  3  4.6  1.4 

GROUP 68
 6.8  3  5.5  2.1 
 6.9  3.1  5.4  2.1 

GROUP 69
 6.5  3.2  5.1  2 
 6.5  3  5.2  2 

GROUP 70
 6.9  3.2  5.7  2.3 
 6.8  3.2  5.9  2.3 

GROUP 71
 5.7  3  4.2  1.2 
 5.7  2.9  4.2  1.3 
 5.6  3  4.1  1.3 
 5.7  2.8  4.1  1.3 

GROUP 72
 5.9  3  5.1  1.8 
 6.1  3  4.9  1.8 
 6  3  4.8  1.8 

GROUP 73
 6.3  3.4  5.6  2.4 
 6.2  3.4  5.4  2.3 

GROUP 74
 5.1  3.3  1.7  0.5 
 5  3.4  1.6  0.4 
 5  3.5  1.6  0.6 

GROUP 75
 6.5  2.8  4.6  1.5 
 6.6  2.9  4.6  1.3 

GROUP 76
 5.8  2.7  4.1  1 
 5.8  2.7  3.9  1.2 
 5.8  2.6  4  1.2 

GROUP 77
 6.3  2.5  5  1.9 
 6.3  2.7  4.9  1.8 
 6.2  2.8  4.8  1.8 

GROUP 78
 4.9  3.1  1.5  0.1 
 5  3  1.6  0.2 
 4.9  3  1.4  0.2 
 4.8  3  1.4  0.1 
 4.8  3  1.4  0.3 

GROUP 79
 5.4  3.9  1.7  0.4 
 5.4  3.9  1.3  0.4 

GROUP 80
 6.3  2.9  5.6  1.8 
 6.5  3  5.5  1.8 
 6.4  3.1  5.5  1.8 

GROUP 81
 6.7  3.3  5.7  2.1 
 6.7  3.3  5.7  2.5 

GROUP 82
 5.4  3.4  1.7  0.2 
 5.4  3.4  1.5  0.4 

GROUP 83
 6.9  3.1  4.9  1.5 
 6.7  3.1  4.7  1.5 
 6.7  3.1  4.4  1.4 
 6.6  3  4.4  1.4 

GROUP 84
 4.9  3.1  1.5  0.1 
 4.6  3.1  1.5  0.2 
 4.6  3.2  1.4  0.2 

GROUP 85
 6.9  3.1  5.1  2.3 
 6.7  3  5.2  2.3 

GROUP 86
 6.2  2.2  4.5  1.5 
 6.3  2.3  4.4  1.3 

GROUP 87
 6.3  2.5  4.9  1.5 
 6.3  2.8  5.1  1.5 

GROUP 88
 5.9  3  4.2  1.5 
 6  2.9  4.5  1.5 

GROUP 89
 5.8  2.7  5.1  1.9 
 5.7  2.5  5  2 

GROUP 90
 5.5  3.5  1.3  0.2 
 5.4  3.7  1.5  0.2 
 5.3  3.7  1.5  0.2 

